ROLLBACK;
/*
asdf; asdf

--last compiles
SELECT owner, object_name, object_type, status, last_ddl_time FROM dba_objects WHERE object_type LIKE 'PACKAGE%' AND owner='ESTARS' ORDER BY 5 DESC;
SELECT * FROM DDL_EVENT WHERE event_date>sysdate-2 and ora_dict_obj_name='DAILY_DATA_MAINTENANCE' ORDER BY DDL_EVENT_ID DESC

--locks
SELECT s.OSUSER, s.sid ,s.serial# ,s.username ,s.machine ,s.status ,s.lockwait ,t.used_ublk ,t.used_urec ,t.start_time from v$transaction t inner join v$session s on t.addr = s.taddr;

--invalids
select * from user_objects o where object_type != 'JAVA CLASS' and status = 'INVALID' order by 1;

--last compiled by
SELECT * FROM DDL_EVENT WHERE event_date>sysdate-1 ORDER BY DDL_EVENT_ID DESC

--kill
select * from v$session where osuser='boheck' order by status, logon_time, sid
SQL> exec sys.kill_session(51,6449);

SELECT * FROM email_messages WHERE created>sysdate-2 ORDER BY created DESC

--run
SQL> set define off;
@C:\Orion\workspace\data\Source\SQL\ OrionScripts\ORION-34283_ddl_change.sql

-- git pull && git checkout -b feature/ORION-34283 && git push --set-upstream origin feature/ORION-34283
--~~~~~~~~~~~~~~~~~~~~~~~~~~~~~~~~~~~~~~~~~~~~~~~~~~~~~~~~~~~~~~~~~~~~~~~~~~~~~~~~~~~~~~~~~~~~~~~~~~~~~~~~~~~~~~~~~~~~~~~~~~~~~~~~~~~~~~~~~~~~~~~~~~~~~~~~~~~~~~~~~~~~~~~~~~~~~~~~~~~~~~
*/

            SELECT DISTINCT a.account_id, a.input_source, aa.duns_nbr, decode(a.primary_account_attribute_id,aa.account_attribute_id,1,0) as primary_duns
      FROM account_base a, account_name an, account_name_attribute ana, account_attribute aa
      WHERE a.account_id=an.account_id
        AND an.account_name_id=ana.account_name_id
        AND ana.account_attribute_id=aa.account_attribute_id
        AND a.account_id IN (
1030020,6948623,6208823,5313425,4435381,3557937,3500431,6779073,6401854,5401398,5390099,5201385,4701013,7484156,6595675,3487337,3487337,3487337,3487337,3487337,3487337,7105550,7018543,6719685,6645162,6599260,6598759,6597656,6596742,6596600,6596429,6595683,6595681,6595670,6472419,6472418,6462673,6408554,6357405,6357403,6357399,6357379,6355595,6355586,6355560,6355556,6355542,6355535,6355533,6355482,6355478,6355477,6355470,6355468,6355447,6352106,6352105,6352094,6352090,6283410,6259349,6259337,6230559,6223001,6223000,6222998,6222994,6210353,6208842,6208841,6208839,6208838,6208837,6208833,6208830,6208822,6208819,6190482,5554189,5527506,5519178,5519177,5508906,5486063,5484539,5478252,5474845,5471018,5461985,5461984,5451849,5441857,5430973,5406703,5406673,5404954,5404932,5404899,5401487,5401428,5401418,5401396,5399564,5399534,5395305,5395298,5393631,5391897,5390135,5390134,5390130,5390127,5390124,5390101,5388158,5388157,5388135,5388097,5388084,5388062,5371919,5358867,5358863,5354335,5346314,5315212,5313424,5311725,5297453,5269695,5266229,5247079,5247075,5247074,5236624,5232999,5232980,5201424,5201418,5201397,5201394,5201393,5201389,5201382,5201376,5201368,5201365,5201361,5175235,5172739,5150789,5145535,5141633,4711813,4651943,4548234,4504437,4504436,4504434,4502466,4502465,4415519,4339952,4309012,4291145,4272971,4248417,4229396,4225431,4225430,4225424,4225421,4225418,4225417,4225413,4225412,4225406,4225405,4206784,4206778,4205755,4160326,3578888,3578887,3578886,3578884,3578882,3578881,3578880,3578879,3578878,3577736,3577735,3577733,3577731,3577730,3577722,3577721,3577719,3576768,3576767,3576766,3569655,3562702,3557951,3557945,3557944,3557941,3557940,3557938,3557936,3557934,3557933,3557932,3557931,3557930,3557007,3557006,3554154,3537522,3527471,3527470,3518147,3518145,3500453,3500451,3500449,3500443,3500436,3487341,3487340,3487339,3487335,3487300,3487213,3487186,3487185,3487170,3487159,3487158,3487122,3487101,3487096,3487065,3487028,3487021,3487020,3487009,1030186,1030179,1030166,1030154,1030153,1030150,1030149,1030147,1030144,1030119,1030113,1030109,1030102,1030089,1030087,1030072,1030037,1030034,1030015,6597261,6597261,6598676,6599222,6599485,6886125,6961761,5096507,5508931,6221425,6605835,6606064,7476386,7478231,7506936,7522731,7527559,7538247,3486353,5150784,5201343,5250576,6403400,6610173,6612073,6617844,7603520,8094240,3487909,3487914,3487925,3488225,3488623,3488719,4282571,4674724,5233079,5234947,5489486,5554190,6609485,6609500,6609503,6815507,7084491,7351892,6716729,6716729,6740976,7373254,7375949,7404301,7418915,7445644,1026518,3491629,3492344,3500558,4162530,4211785,4445721,4523466,4549640,4671317,4676692,5247186,5252659,5364238,6284413,6284418,6284427,6384201,6403415,6601912,6602087,6623161,6658830,6684265,6777877,6779989,6790786,6810925,7419305,7495979,7508621,7532799,7532801,7533099,7533626,7535826,7641460,7641690,7642040,7726060
      );
      
            SELECT DISTINCT account_id
      FROM account_base
      WHERE account_id IN (
1030020,6948623,6208823--,5313425,4435381,3557937,3500431,6779073,6401854,5401398,5390099,5201385,4701013,7484156,6595675,3487337,3487337,3487337,3487337,3487337,3487337,7105550,7018543,6719685,6645162,6599260,6598759,6597656,6596742,6596600,6596429,6595683,6595681,6595670,6472419,6472418,6462673,6408554,6357405,6357403,6357399,6357379,6355595,6355586,6355560,6355556,6355542,6355535,6355533,6355482,6355478,6355477,6355470,6355468,6355447,6352106,6352105,6352094,6352090,6283410,6259349,6259337,6230559,6223001,6223000,6222998,6222994,6210353,6208842,6208841,6208839,6208838,6208837,6208833,6208830,6208822,6208819,6190482,5554189,5527506,5519178,5519177,5508906,5486063,5484539,5478252,5474845,5471018,5461985,5461984,5451849,5441857,5430973,5406703,5406673,5404954,5404932,5404899,5401487,5401428,5401418,5401396,5399564,5399534,5395305,5395298,5393631,5391897,5390135,5390134,5390130,5390127,5390124,5390101,5388158,5388157,5388135,5388097,5388084,5388062,5371919,5358867,5358863,5354335,5346314,5315212,5313424,5311725,5297453,5269695,5266229,5247079,5247075,5247074,5236624,5232999,5232980,5201424,5201418,5201397,5201394,5201393,5201389,5201382,5201376,5201368,5201365,5201361,5175235,5172739,5150789,5145535,5141633,4711813,4651943,4548234,4504437,4504436,4504434,4502466,4502465,4415519,4339952,4309012,4291145,4272971,4248417,4229396,4225431,4225430,4225424,4225421,4225418,4225417,4225413,4225412,4225406,4225405,4206784,4206778,4205755,4160326,3578888,3578887,3578886,3578884,3578882,3578881,3578880,3578879,3578878,3577736,3577735,3577733,3577731,3577730,3577722,3577721,3577719,3576768,3576767,3576766,3569655,3562702,3557951,3557945,3557944,3557941,3557940,3557938,3557936,3557934,3557933,3557932,3557931,3557930,3557007,3557006,3554154,3537522,3527471,3527470,3518147,3518145,3500453,3500451,3500449,3500443,3500436,3487341,3487340,3487339,3487335,3487300,3487213,3487186,3487185,3487170,3487159,3487158,3487122,3487101,3487096,3487065,3487028,3487021,3487020,3487009,1030186,1030179,1030166,1030154,1030153,1030150,1030149,1030147,1030144,1030119,1030113,1030109,1030102,1030089,1030087,1030072,1030037,1030034,1030015,6597261,6597261,6598676,6599222,6599485,6886125,6961761,5096507,5508931,6221425,6605835,6606064,7476386,7478231,7506936,7522731,7527559,7538247,3486353,5150784,5201343,5250576,6403400,6610173,6612073,6617844,7603520,8094240,3487909,3487914,3487925,3488225,3488623,3488719,4282571,4674724,5233079,5234947,5489486,5554190,6609485,6609500,6609503,6815507,7084491,7351892,6716729,6716729,6740976,7373254,7375949,7404301,7418915,7445644,1026518,3491629,3492344,3500558,4162530,4211785,4445721,4523466,4549640,4671317,4676692,5247186,5252659,5364238,6284413,6284418,6284427,6384201,6403415,6601912,6602087,6623161,6658830,6684265,6777877,6779989,6790786,6810925,7419305,7495979,7508621,7532799,7532801,7533099,7533626,7535826,7641460,7641690,7642040,7726060
      );
      
      